--- verbose2	2019-11-02 02:48:59.000000000 +0100
+++ verbose	2019-11-02 02:47:56.000000000 +0100
@@ -46,12 +46,14 @@
 02 90 00 09 01 2c 0f 
 02 90 00 09 01 2c 0f 
 03 70 01 00 06 
+0f 0f 0f 
 01 00 00 00 00 
 01 ff ff ff fd 
 03 70 01 00 06 
 01 00 00 00 00 
 03 70 01 ff f2 
 01 ff ff ff fd 
+01 eb 00 
 03 70 01 ff f2 
 03 70 01 00 06 
 03 70 07 01 ee 
@@ -106,6 +108,7 @@
 03 70 06 01 d0 
 03 70 08 01 ce 
 03 70 07 01 cf 
+00 00 00 
 03 70 09 01 cd 
 03 70 08 01 ce 
 03 70 07 01 ff 
@@ -125,11 +128,11 @@
 03 70 0c 01 fa 
 03 70 02 01 d4 
 03 70 03 01 d3 
-04 01 
 03 70 04 01 d2 
 03 70 01 01 fe 
 03 70 05 01 d1 
 03 70 05 01 fd 
+70 0c 01 
 03 70 06 01 d0 
 03 70 06 01 fc 
 03 70 04 01 ff 
@@ -145,6 +148,7 @@
 03 70 0c 01 ca 
 01 d2 03 70 05 
 03 70 0d 01 c9 
+00 00 00 
 03 70 0e 01 c8 
 01 d1 03 70 06 
 03 70 02 01 d4 
@@ -229,7 +233,6 @@
 03 70 03 01 d3 
 01 d0 03 70 07 
 03 70 04 03 70 
-02 01 
 01 cf 03 70 08 
 03 70 03 01 fe 
 03 70 04 01 fd 
@@ -246,7 +249,6 @@
 03 70 0b 01 f6 
 03 70 ff 03 70 
 01 ca 03 70 0d 
-03 d4 03 70 03 
 01 c9 03 70 0e 
 01 d3 03 70 0f 
 03 70 02 01 ff 
@@ -264,7 +266,6 @@
 03 70 0a 01 f7 
 01 d1 03 70 06 
 03 70 0b 01 f6 
-03 70 00 00 00 
 01 d0 03 70 07 
 01 cf 03 70 08 
 03 70 02 01 ff 
@@ -282,7 +283,6 @@
 03 70 0a 01 f7 
 03 70 0b 01 f6 
 01 ca 03 70 0d 
-03 70 00 00 00 
 01 c9 03 70 0e 
 03 70 02 01 ff 
 01 c8 03 70 02 
@@ -299,7 +299,6 @@
 03 70 0a 01 f7 
 01 d1 03 70 06 
 03 70 0b 01 f6 
-03 70 00 00 00 
 01 d0 03 70 07 
 01 cf 03 70 08 
 03 70 02 01 ff 
@@ -317,7 +316,6 @@
 03 70 0a 01 f7 
 03 70 0b 01 f6 
 01 ca 03 70 0d 
-03 70 00 00 00 
 01 c9 03 70 0e 
 03 70 02 01 ff 
 01 c8 03 70 02 
@@ -335,7 +333,6 @@
 01 fe 03 70 f7 
 03 70 0b 01 f6 
 01 d0 03 70 07 
-03 70 00 00 00 
 01 cf 03 70 08 
 03 70 02 01 ff 
 01 ce 03 70 09 
@@ -352,7 +349,6 @@
 03 70 0a 01 f7 
 01 ca 03 70 0d 
 03 70 0b 01 f6 
-03 70 00 00 00 
 01 c9 03 70 0e 
 01 c8 03 70 0e 
 03 70 02 01 ff 
@@ -501,7 +497,6 @@
 03 70 03 00 06 
 03 70 03 00 06 
 03 70 03 00 06 
-02 90 03 70 02 01 ff 
 03 70 03 00 06 
 03 70 03 00 06 
 03 70 03 01 fe 
@@ -603,7 +598,6 @@
 01 0f 0f 0f 03 
 03 70 03 00 06 
 03 70 03 00 06 
-02 01 
 03 70 03 00 06 
 03 70 03 00 06 
 03 70 03 01 fe 
@@ -784,1308 +778,468 @@
 03 70 03 00 06 
 03 70 03 00 06 
 03 70 03 00 06 
-03 ff 03 70 03 03 
 03 70 03 00 06 
-03 ff 03 70 03 03 
 03 70 03 00 06 
 03 70 03 00 06 
 03 70 03 00 06 
-03 00 
-03 00 
 03 70 03 00 06 
 03 70 03 00 06 
-06 03 
-06 03 
 03 70 03 00 06 
 03 70 03 00 06 
-03 00 
-03 00 
 03 70 03 00 06 
 03 70 03 00 06 
-06 03 
-06 03 
 03 70 03 00 06 
 03 70 03 00 06 
-03 00 
 03 70 03 00 06 
-03 00 
 03 70 03 00 06 
 03 70 03 00 06 
 03 70 03 00 06 
-06 03 
-06 03 
 03 70 03 00 06 
 03 70 03 00 06 
-03 00 
-03 00 
 03 70 03 00 06 
 03 70 03 00 06 
-06 03 
-06 03 
 03 70 03 00 06 
 03 70 03 00 06 
-03 00 
-03 00 
 03 70 03 00 06 
 03 70 03 00 06 
-06 03 
 03 70 03 00 06 
-06 03 
 03 70 03 00 06 
 03 70 03 00 06 
 03 70 03 00 06 
-03 00 
-03 00 
 03 70 03 00 06 
 03 70 03 00 06 
-06 03 
-06 03 
 03 70 03 00 06 
 03 70 03 00 06 
-03 00 
-03 00 
 03 70 03 00 06 
 03 70 03 00 06 
-06 03 
-06 03 
 03 70 03 00 06 
 03 70 03 00 06 
-03 00 
 03 70 03 00 06 
-03 00 
 03 70 03 00 06 
 03 70 03 00 06 
 03 70 03 00 06 
-06 03 
-06 03 
 03 70 03 00 06 
 03 70 03 00 06 
-03 00 
-03 00 
 03 70 03 00 06 
 03 70 03 00 06 
-06 03 
-06 03 
 03 70 03 00 06 
 03 70 03 00 06 
-03 00 
-03 00 
 03 70 03 00 06 
 03 70 03 00 06 
-06 03 
 03 70 03 00 06 
-06 03 
 03 70 03 00 06 
 03 70 03 00 06 
 03 70 03 00 06 
-03 00 
-03 00 
 03 70 03 00 06 
 03 70 03 00 06 
-06 03 
-06 03 
 03 70 03 00 06 
 03 70 03 00 06 
-03 00 
-03 00 
 03 70 03 00 06 
 03 70 03 00 06 
-06 03 
-06 03 
 03 70 03 00 06 
 03 70 03 00 06 
-03 00 
 03 70 03 00 06 
-03 00 
 03 70 03 00 06 
 03 70 03 00 06 
 03 70 03 00 06 
-06 03 
-06 03 
 03 70 03 00 06 
 03 70 03 00 06 
-03 00 
-03 00 
 03 70 03 00 06 
 03 70 03 00 06 
-06 03 
-06 03 
 03 70 03 00 06 
 03 70 03 00 06 
-03 00 
-03 00 
 03 70 03 00 06 
 03 70 03 00 06 
-06 03 
 03 70 03 00 06 
-06 03 
 03 70 03 00 06 
 03 70 03 00 06 
 03 70 03 00 06 
-03 00 
-03 00 
 03 70 03 00 06 
 03 70 03 00 06 
-06 03 
-06 03 
 03 70 03 00 06 
 03 70 03 00 06 
-03 00 
-03 00 
 03 70 03 00 06 
 03 70 03 00 06 
-06 03 
-06 03 
 03 70 03 00 06 
 03 70 03 00 06 
-03 00 
 03 70 03 00 06 
-03 00 
 03 70 03 00 06 
 03 70 03 00 06 
 03 70 03 00 06 
-06 03 
-06 03 
 03 70 03 00 06 
 03 70 03 00 06 
-03 00 
-03 00 
 03 70 03 00 06 
 03 70 03 00 06 
-06 03 
-06 03 
 03 70 03 00 06 
 03 70 03 00 06 
-03 00 
-03 00 
 03 70 03 00 06 
 03 70 03 00 06 
-06 03 
 03 70 03 00 06 
-06 03 
 03 70 03 00 06 
 03 70 03 00 06 
 03 70 03 00 06 
-03 00 
-03 00 
 03 70 03 00 06 
 03 70 03 00 06 
-06 03 
-06 03 
 03 70 03 00 06 
 03 70 03 00 06 
-03 00 
-03 00 
 03 70 03 00 06 
 03 70 03 00 06 
-06 03 
-06 03 
 03 70 03 00 06 
 03 70 03 00 06 
-03 00 
 03 70 03 00 06 
-03 00 
 03 70 03 00 06 
 03 70 03 00 06 
 03 70 03 00 06 
-06 03 
-06 03 
 03 70 03 00 06 
 03 70 03 00 06 
-03 00 
-03 00 
 03 70 03 00 06 
 03 70 03 00 06 
-06 03 
-06 03 
 03 70 03 00 06 
 03 70 03 00 06 
-03 00 
-03 00 
 03 70 03 00 06 
 03 70 03 00 06 
-06 03 
 03 70 03 00 06 
-06 03 
 03 70 03 00 06 
 03 70 03 00 06 
 03 70 03 00 06 
-03 00 
-03 00 
 03 70 03 00 06 
 03 70 03 00 06 
-06 03 
-06 03 
 03 70 03 00 06 
 03 70 03 00 06 
-03 00 
-03 00 
 03 70 03 00 06 
 03 70 03 00 06 
-06 03 
-06 03 
 03 70 03 00 06 
 03 70 03 00 06 
-03 00 
 03 70 03 00 06 
-03 00 
 03 70 03 00 06 
 03 70 03 00 06 
 03 70 03 00 06 
-06 03 
-06 03 
 03 70 03 00 06 
 03 70 03 00 06 
-03 00 
-03 00 
 03 70 03 00 06 
 03 70 03 00 06 
-06 03 
-06 03 
 03 70 03 00 06 
 03 70 03 00 06 
-03 00 
-03 00 
 03 70 03 00 06 
 03 70 03 00 06 
-06 03 
 03 70 03 00 06 
-06 03 
 03 70 03 00 06 
 03 70 03 00 06 
 03 70 03 00 06 
-03 00 
-03 00 
 03 70 03 00 06 
 03 70 03 00 06 
-06 03 
-06 03 
 03 70 03 00 06 
 03 70 03 00 06 
-03 00 
-03 00 
 03 70 03 00 06 
 03 70 03 00 06 
-06 03 
-06 03 
 03 70 03 00 06 
 03 70 03 00 06 
-03 00 
 03 70 03 00 06 
-03 00 
 03 70 03 00 06 
 03 70 03 00 06 
 03 70 03 00 06 
-06 03 
-06 03 
 03 70 03 00 06 
 03 70 03 00 06 
-03 00 
-03 00 
 03 70 03 00 06 
 03 70 03 00 06 
-06 03 
-06 03 
 03 70 03 00 06 
 03 70 03 00 06 
-03 00 
-03 00 
 03 70 03 00 06 
 03 70 03 00 06 
-06 03 
 03 70 03 00 06 
-06 03 
 03 70 03 00 06 
 03 70 03 00 06 
 03 70 03 00 06 
-03 00 
-03 00 
 03 70 03 00 06 
 03 70 03 00 06 
-06 03 
-06 03 
 03 70 03 00 06 
 03 70 03 00 06 
-03 00 
-03 00 
 03 70 03 00 06 
 03 70 03 00 06 
-06 03 
-06 03 
 03 70 03 00 06 
 03 70 03 00 06 
-03 00 
 03 70 03 00 06 
-03 00 
 03 70 03 00 06 
 03 70 03 00 06 
 03 70 03 00 06 
-06 03 
-06 03 
 03 70 03 00 06 
 03 70 03 00 06 
-03 00 
-03 00 
 03 70 03 00 06 
 03 70 03 00 06 
-06 03 
-06 03 
 03 70 03 00 06 
 03 70 03 00 06 
-03 00 
-03 00 
 03 70 03 00 06 
 03 70 03 00 06 
-06 03 
 03 70 03 00 06 
-06 03 
 03 70 03 00 06 
 03 70 03 00 06 
 03 70 03 00 06 
-03 00 
-03 00 
 03 70 03 00 06 
 03 70 03 00 06 
-06 03 
-06 03 
 03 70 03 00 06 
 03 70 03 00 06 
-03 00 
-03 00 
 03 70 03 00 06 
 03 70 03 00 06 
-06 03 
-06 03 
 03 70 03 00 06 
 03 70 03 00 06 
-03 00 
 03 70 03 00 06 
-03 00 
 03 70 03 00 06 
 03 70 03 00 06 
 03 70 03 00 06 
-06 03 
-06 03 
 03 70 03 00 06 
 03 70 03 00 06 
-03 00 
-03 00 
 03 70 03 00 06 
 03 70 03 00 06 
-06 03 
-06 03 
 03 70 03 00 06 
 03 70 03 00 06 
-03 00 
-03 00 
 03 70 03 00 06 
 03 70 03 00 06 
-06 03 
 03 70 03 00 06 
-06 03 
 03 70 03 00 06 
 03 70 03 00 06 
 03 70 03 00 06 
-03 00 
-03 00 
 03 70 03 00 06 
 03 70 03 00 06 
-06 03 
-06 03 
 03 70 03 00 06 
 03 70 03 00 06 
-03 00 
-03 00 
 03 70 03 00 06 
 03 70 03 00 06 
-06 03 
-06 03 
 03 70 03 00 06 
 03 70 03 00 06 
-03 00 
 03 70 03 00 06 
-03 00 
 03 70 03 00 06 
 03 70 03 00 06 
 03 70 03 00 06 
-06 03 
-06 03 
 03 70 03 00 06 
 03 70 03 00 06 
-03 00 
-03 00 
 03 70 03 00 06 
 03 70 03 00 06 
-06 03 
-06 03 
 03 70 03 00 06 
 03 70 03 00 06 
-03 00 
-03 00 
 03 70 03 00 06 
 03 70 03 00 06 
-06 03 
 03 70 03 00 06 
-06 03 
 03 70 03 00 06 
 03 70 03 00 06 
 03 70 03 00 06 
-03 00 
-03 00 
 03 70 03 00 06 
 03 70 03 00 06 
-06 03 
-06 03 
 0f 01 0f 
 03 70 03 00 06 
 03 70 03 00 06 
-03 00 
-03 00 
 03 70 03 00 06 
 03 70 03 00 06 
-06 03 
-06 03 
 03 70 03 00 06 
 03 70 03 00 06 
-03 00 
 03 70 03 00 06 
-03 00 
 03 70 03 00 06 
 03 70 03 00 06 
 03 70 03 00 06 
-06 03 
-06 03 
 03 70 03 00 06 
 03 70 03 00 06 
-03 00 
-03 00 
 03 70 03 00 06 
 03 70 03 00 06 
-06 03 
-06 03 
 03 70 03 00 06 
 03 70 03 00 06 
-03 00 
-03 00 
 03 70 03 00 06 
 03 70 03 00 06 
-06 03 
 03 70 03 00 06 
-06 03 
 03 70 03 00 06 
 03 70 03 00 06 
 03 70 03 00 06 
-03 00 
-03 00 
 03 70 03 00 06 
 03 70 03 00 06 
-06 03 
-06 03 
 03 70 03 00 06 
 03 70 03 00 06 
-03 00 
-03 00 
 03 70 03 00 06 
 03 70 03 00 06 
-06 03 
-06 03 
 03 70 03 00 06 
 03 70 03 00 06 
-03 00 
 03 70 03 00 06 
-03 00 
 03 70 03 00 06 
 03 70 03 00 06 
 03 70 03 00 06 
-06 03 
-06 03 
 03 70 03 00 06 
 03 70 03 00 06 
-03 00 
-03 00 
 03 70 03 00 06 
 03 70 03 00 06 
-06 03 
-06 03 
 03 70 03 00 06 
 03 70 03 00 06 
-03 00 
-03 00 
 03 70 03 00 06 
 03 70 03 00 06 
-06 03 
 03 70 03 00 06 
-06 03 
 03 70 03 00 06 
 03 70 03 00 06 
 03 70 03 00 06 
-03 00 
-03 00 
 03 70 03 00 06 
 03 70 03 00 06 
-06 03 
-06 03 
 03 70 03 00 06 
 03 70 03 00 06 
-03 00 
-03 00 
 03 70 03 00 06 
 03 70 03 00 06 
-06 03 
-06 03 
 03 70 03 00 06 
 03 70 03 00 06 
-03 00 
 03 70 03 00 06 
-03 00 
 03 70 03 00 06 
 03 70 03 00 06 
 03 70 03 00 06 
-06 03 
-06 03 
 03 70 03 00 06 
 03 70 03 00 06 
-03 00 
-03 00 
 03 70 03 00 06 
 03 70 03 00 06 
-06 03 
-06 03 
 03 70 03 00 06 
 03 70 03 00 06 
-03 00 
-03 00 
 03 70 03 00 06 
 03 70 03 00 06 
-06 03 
 03 70 03 00 06 
-06 03 
 03 70 03 00 06 
 03 70 03 00 06 
 03 70 03 00 06 
-03 00 
-03 00 
 03 70 03 00 06 
 03 70 03 00 06 
-06 03 
-06 03 
 03 70 03 00 06 
 03 70 03 00 06 
-03 00 
-03 00 
 03 70 03 00 06 
 03 70 03 00 06 
-06 03 
-06 03 
 03 70 03 00 06 
 03 70 03 00 06 
-03 00 
 03 70 03 00 06 
-03 00 
 03 70 03 00 06 
 03 70 03 00 06 
 03 70 03 00 06 
-06 03 
-06 03 
 03 70 03 00 06 
 03 70 03 00 06 
-03 00 
-03 00 
 03 70 03 00 06 
 03 70 03 00 06 
-06 03 
-06 03 
 03 70 03 00 06 
 03 70 03 00 06 
-03 00 
-03 00 
 03 70 03 00 06 
 03 70 03 00 06 
-06 03 
 03 70 03 00 06 
-06 03 
 03 70 03 00 06 
 03 70 03 00 06 
 03 70 03 00 06 
-03 00 
-03 00 
 03 70 03 00 06 
 03 70 03 00 06 
-06 03 
-06 03 
 03 70 03 00 06 
 03 70 03 00 06 
-03 00 
-03 00 
 03 70 03 00 06 
 03 70 03 00 06 
-06 03 
-06 03 
 03 70 03 00 06 
 03 70 03 00 06 
-03 00 
 03 70 03 00 06 
-03 00 
 03 70 03 00 06 
 03 70 03 00 06 
 03 70 03 00 06 
-06 03 
-06 03 
 03 70 03 00 06 
 03 70 03 00 06 
-03 00 
-03 00 
 03 70 03 00 06 
 03 70 03 00 06 
-06 03 
-06 03 
 03 70 03 00 06 
 03 70 03 00 06 
-03 00 
-03 00 
 03 70 03 00 06 
 03 70 03 00 06 
-06 03 
 03 70 03 00 06 
-06 03 
 03 70 03 00 06 
 03 70 03 00 06 
 03 70 03 00 06 
-03 00 
-03 00 
 03 70 03 00 06 
 03 70 03 00 06 
-06 03 
-06 03 
 03 70 03 00 06 
 03 70 03 00 06 
-03 00 
-03 00 
 03 70 03 00 06 
 03 70 03 00 06 
-06 03 
-06 03 
 03 70 03 00 06 
 03 70 03 00 06 
-03 00 
 03 70 03 00 06 
-03 00 
 03 70 03 00 06 
 03 70 03 00 06 
 03 70 03 00 06 
-06 03 
-06 03 
 03 70 03 00 06 
 03 70 03 00 06 
-03 00 
-03 00 
 03 70 03 00 06 
 03 70 03 00 06 
-06 03 
-06 03 
 03 70 03 00 06 
 03 70 03 00 06 
-03 00 
-03 00 
 03 70 03 00 06 
 03 70 03 00 06 
-06 03 
 03 70 03 00 06 
-06 03 
 03 70 03 00 06 
 03 70 03 00 06 
 03 70 03 00 06 
-03 00 
-03 00 
 03 70 03 00 06 
 03 70 03 00 06 
-06 03 
-06 03 
 03 70 03 00 06 
 03 70 03 00 06 
-03 00 
-03 00 
 03 70 03 00 06 
 03 70 03 00 06 
-06 03 
-06 03 
 03 70 03 00 06 
 03 70 03 00 06 
-03 00 
 03 70 03 00 06 
-03 00 
 03 70 03 00 06 
 03 70 03 00 06 
 03 70 03 00 06 
-06 03 
-06 03 
 03 70 03 00 06 
 03 70 03 00 06 
-03 00 
-03 00 
 03 70 03 00 06 
 03 70 03 00 06 
-06 03 
-06 03 
 03 70 03 00 06 
 03 70 03 00 06 
-03 00 
-03 00 
 03 70 03 00 06 
 03 70 03 00 06 
-06 03 
 03 70 03 00 06 
-06 03 
 03 70 03 00 06 
 03 70 03 00 06 
 03 70 03 00 06 
-03 00 
-03 00 
 03 70 03 00 06 
 03 70 03 00 06 
-06 03 
-06 03 
-03 00 
-03 00 
-06 03 
-06 03 
-03 00 
-03 00 
-06 03 
-06 03 
-03 00 
-03 00 
-06 03 
-06 03 
-03 00 
-03 00 
-06 03 
-06 03 
-03 00 
-03 00 
-06 03 
-06 03 
-03 00 
-03 00 
-06 03 
-06 03 
-03 00 
-03 00 
-06 03 
-06 03 
-03 00 
-03 00 
-06 03 
-06 03 
-03 00 
-03 00 
-06 03 
-06 03 
-03 00 
-03 00 
-06 03 
-06 03 
-03 00 
-03 00 
-06 03 
-06 03 
-03 00 
-03 00 
-06 03 
-06 03 
-03 00 
-03 00 
-06 03 
-06 03 
-03 00 
-03 00 
-06 03 
-06 03 
-03 00 
-03 00 
-06 03 
-06 03 
-03 00 
-03 00 
-06 03 
-06 03 
-03 00 
-03 00 
-06 03 
-06 03 
-03 00 
-03 00 
-06 03 
-06 03 
-03 00 
-03 00 
-06 03 
-06 03 
-03 00 
-03 00 
-06 03 
-06 03 
-03 00 
-03 00 
-06 03 
-06 03 
-03 00 
-03 00 
-06 03 
-06 03 
-03 00 
-03 00 
-06 03 
-06 03 
-03 00 
-03 00 
-06 03 
-06 03 
-03 00 
-03 00 
-06 03 
-06 03 
-03 00 
-03 00 
-06 03 
-06 03 
-03 00 
-03 00 
-06 03 
-06 03 
-03 00 
-03 00 
-06 03 
-06 03 
-03 00 
-03 00 
-06 03 
-06 03 
-03 00 
-03 00 
-06 03 
-06 03 
-03 00 
-03 00 
-06 03 
-06 03 
-03 00 
-03 00 
-06 03 
-06 03 
-03 00 
-03 00 
-06 03 
-06 03 
-03 00 
-03 00 
-06 03 
-06 03 
-03 00 
-03 00 
-06 03 
-06 03 
-03 00 
-03 00 
-06 03 
-06 03 
-03 00 
-03 00 
-06 03 
-06 03 
-03 00 
-03 00 
-06 03 
-06 03 
-03 00 
-03 00 
-06 03 
-06 03 
-03 00 
-03 00 
-06 03 
-06 03 
-03 00 
-03 00 
-06 03 
-06 03 
-03 00 
-03 00 
-06 03 
-06 03 
-03 00 
-03 00 
-06 03 
-06 03 
-03 00 
-03 00 
-06 03 
-06 03 
-03 00 
-03 00 
-06 03 
-06 03 
-03 00 
-03 00 
-06 03 
-06 03 
-03 00 
-03 00 
-06 03 
-06 03 
-03 00 
-03 00 
-06 03 
-06 03 
 0f 0f 0f 
 0f 0f 0f 
-03 00 
-03 00 
+0f 01 0f 
+03 70 07 01 fa 
 03 70 02 01 ff 
-06 03 
-06 03 
 01 0f 0f 0f 0f 
+03 70 0f 0f 01 
 03 70 03 01 fe 
-03 00 
-03 00 
 03 70 04 01 fd 
-06 03 
-06 03 
 01 0f 0f 0f 0f 
 03 70 05 01 fc 
-03 00 
-03 00 
 03 70 06 01 fb 
 01 0f 0f 0f 0f 
-06 03 
-06 03 
 03 70 07 01 fa 
 03 70 08 01 f9 
-03 00 
-03 00 
 01 0f 0f 0f 03 
 03 70 09 01 f8 
-06 03 
-06 03 
-02 01 
-03 00 
-03 00 
-06 03 
-06 03 
-03 00 
-03 00 
-06 03 
-06 03 
-02 90 03 70 02 01 ff 
-03 00 
-03 00 
-03 70 03 01 fe 
-06 03 
-06 03 
-03 70 04 01 fd 
-03 70 05 01 fc 
-03 00 
-03 00 
-03 70 06 01 fb 
-06 03 
-06 03 
+03 70 03 01 fe 
+03 70 04 01 fd 
+03 70 05 01 fc 
+03 70 06 01 fb 
 03 70 07 01 fa 
-03 00 
-03 00 
 03 70 08 01 f9 
-06 03 
-06 03 
 03 70 09 01 f8 
-03 00 
-03 00 
 02 90 ff 03 70 08 08 
 02 90 01 fe 03 70 09 
-06 03 
-06 03 
 02 90 09 01 fd 03 0a 
-03 00 
-03 00 
 02 90 70 0a 03 70 02 
-06 03 
-06 03 
-03 00 
-03 00 
 01 ff 03 70 03 
-06 03 
-06 03 
 01 fe 03 70 04 
-03 00 
-03 00 
-06 03 
-06 03 
 01 fd 03 70 05 
-03 00 
-03 00 
-06 03 
-06 03 
 01 fc 03 70 06 
-03 00 
-03 00 
 01 fb 03 70 07 
-06 03 
-06 03 
-03 00 
-03 00 
 01 fa 03 70 90 
-06 03 
-06 03 
-03 00 
-03 00 
-06 03 
-06 03 
-03 00 
-03 00 
 09 01 f8 
-06 03 
-06 03 
-03 00 
-03 00 
-01 0f 0f 0f 0f 
-06 03 
-06 03 
-03 00 
-03 00 
-01 0f 0f 0f 0f 
-06 03 
-06 03 
-01 0f 0f 0f 0f 
-03 00 
-03 00 
-06 03 
-06 03 
-01 0f 0f 0f 0f 
-03 00 
-03 00 
-06 03 
-06 03 
+01 0f 0f 0f 0f 
+01 0f 0f 0f 0f 
+01 0f 0f 0f 0f 
+01 0f 0f 0f 0f 
 01 0f 0f 0f 03 
-03 00 
-03 00 
-02 01 
-06 03 
-06 03 
-03 70 03 01 fe 
-03 70 04 01 fd 
-03 00 
-03 00 
-03 70 05 01 fc 
-06 03 
-06 03 
-03 70 06 01 fb 
-03 00 
-03 00 
-03 70 07 01 fa 
-06 03 
-06 03 
-03 70 08 01 f9 
-03 00 
-03 00 
-03 70 09 01 f8 
-06 03 
-06 03 
-03 00 
-03 00 
-06 03 
-06 03 
-03 00 
-03 00 
-06 03 
-06 03 
-03 00 
-03 00 
-06 03 
-06 03 
-03 00 
-03 00 
-06 03 
-06 03 
-03 00 
-03 00 
-06 03 
-06 03 
-03 00 
-03 00 
-06 03 
-06 03 
-03 00 
-03 00 
-06 03 
-06 03 
-03 00 
-03 00 
-06 03 
-06 03 
-03 00 
-03 00 
-06 03 
-06 03 
-03 00 
-03 00 
-06 03 
-06 03 
-03 00 
-03 00 
-06 03 
-06 03 
-03 00 
-03 00 
-06 03 
-06 03 
-03 00 
-03 00 
-06 03 
-06 03 
-03 00 
-03 00 
-06 03 
-06 03 
-03 00 
-03 00 
-06 03 
-06 03 
-03 00 
-03 00 
-06 03 
-06 03 
-03 00 
-03 00 
-06 03 
-06 03 
-03 00 
-03 00 
-06 03 
-06 03 
-03 00 
-03 00 
-06 03 
-06 03 
-03 00 
-03 00 
-06 03 
-06 03 
-03 00 
-03 00 
-06 03 
-06 03 
-03 00 
-03 00 
-06 03 
-06 03 
-03 00 
-03 00 
-06 03 
-06 03 
-03 00 
-03 00 
-06 03 
-06 03 
-03 00 
-03 00 
-06 03 
-06 03 
-03 00 
-03 00 
-06 03 
-06 03 
-03 00 
-03 00 
-06 03 
-06 03 
-03 00 
-03 00 
-06 03 
-06 03 
-03 00 
-03 00 
-06 03 
-06 03 
-03 00 
-03 00 
-06 03 
-06 03 
-03 00 
-03 00 
-06 03 
-06 03 
-03 00 
-03 00 
-06 03 
-06 03 
-03 00 
-03 00 
-06 03 
-06 03 
-03 00 
-03 00 
-06 03 
-06 03 
-03 00 
-03 00 
-06 03 
-06 03 
-03 00 
-03 00 
-06 03 
-06 03 
-03 00 
-03 00 
-06 03 
-06 03 
-03 00 
-03 00 
-06 03 
-06 03 
-03 00 
-03 00 
-06 03 
-06 03 
-03 00 
-03 00 
-06 03 
-06 03 
-03 00 
-03 00 
-06 03 
-06 03 
-03 00 
-03 00 
-06 03 
-06 03 
-03 00 
-03 00 
-06 03 
-06 03 
-03 00 
-03 00 
-06 03 
-06 03 
-03 00 
-03 00 
-06 03 
-06 03 
-03 00 
-03 00 
-06 03 
-06 03 
-03 00 
-03 00 
-06 03 
-06 03 
-03 00 
-03 00 
-06 03 
-06 03 
-03 00 
-03 00 
-06 03 
-06 03 
-03 00 
-03 00 
+03 70 03 01 fe 
+03 70 04 01 fd 
+03 70 05 01 fc 
+03 70 06 01 fb 
+03 70 07 01 fa 
+03 70 08 01 f9 
+03 70 09 01 f8 
 0f 0f 01 
 03 70 04 01 fd 
 03 70 05 01 fc 
@@ -2093,7 +1247,6 @@
 03 70 07 01 fa 
 03 70 08 01 f9 
 03 70 09 01 f8 
-02 90 03 70 02 01 ff 
 03 70 03 01 fe 
 03 70 04 01 fd 
 03 70 05 01 fc 
@@ -2117,7 +1270,6 @@
 01 0f 0f 0f 0f 
 01 0f 0f 0f 0f 
 01 0f 0f 0f 03 
-02 01 
 0f 01 0f 
 03 70 03 01 fe 
 03 70 04 01 fd 
@@ -2127,10 +1279,8 @@
 03 70 08 01 f9 
 03 70 09 01 f8 
 0f 0f 0f 
-07 01 
 03 70 08 01 f9 
 03 70 09 01 f8 
-02 90 03 70 02 01 ff 
 03 70 03 01 fe 
 03 70 04 01 fd 
 03 70 05 01 fc 
@@ -2154,15 +1304,17 @@
 01 0f 0f 0f 0f 
 01 0f 0f 0f 0f 
 01 0f 0f 0f 03 
-02 01 
 03 70 03 01 fe 
 03 70 04 01 fd 
 0f 0f 0f 
 0f 0f 0f 
+0f 01 0f 
 03 70 05 01 fc 
+03 70 08 01 fe 
 03 70 06 01 fb 
 03 70 02 01 ff 
 01 0f 0f 0f 0f 
+03 70 0f 0f 01 
 03 70 07 01 fa 
 03 70 03 01 fe 
 03 70 08 01 f9 
@@ -2177,16 +1329,17 @@
 03 70 08 01 f9 
 01 0f 0f 0f 03 
 03 70 09 01 f8 
-02 01 
-02 90 03 70 02 01 ff 
 03 70 03 01 fe 
 03 70 04 01 fd 
 03 70 05 01 fc 
 0f 01 0f 
 0f 0f 0f 
 0f 0f 0f 
+0f 01 0f 
+03 70 08 01 fe 
 03 70 02 01 ff 
 01 0f 0f 0f 0f 
+03 70 0f 0f 01 
 0f 0f 01 
 03 70 03 01 fe 
 03 70 04 01 fd 
@@ -2204,9 +1357,6 @@
 01 0f 0f 0f 03 
 03 70 09 01 f8 
 03 70 09 01 f8 
-02 01 
-02 90 03 70 02 01 ff 
-02 90 03 70 02 01 ff 
 03 70 03 01 fe 
 03 70 03 01 fe 
 03 70 04 01 fd 
@@ -2253,8 +1403,6 @@
 01 0f 0f 0f 0f 
 01 0f 0f 0f 03 
 01 0f 0f 0f 03 
-02 01 
-02 01 
 03 70 03 01 fe 
 03 70 03 01 fe 
 03 70 04 01 fd 
@@ -2276,7 +1424,6 @@
 03 70 07 01 fa 
 03 70 08 01 f9 
 03 70 09 01 f8 
-02 90 03 70 02 01 ff 
 03 70 03 01 fe 
 03 70 04 01 fd 
 03 70 05 01 fc 
@@ -2300,7 +1447,6 @@
 01 0f 0f 0f 0f 
 01 0f 0f 0f 0f 
 01 0f 0f 0f 03 
-02 01 
 0f 01 0f 
 0f 01 0f 
 03 70 03 01 fe 
