0x0000 : 03 01 ff 03 70 03 03 00 03 00 03 03 70 03 01 70 03 01 03 70 03 01 70 ff 03 70 03 03 70 03 00 03 03 03 70 03 01 03 70 ff 03 70 03 01 03 00 ff 03 70 03 01 70 03 01 ff 03 70 03 ff 03 70 03 03 70 
0x0040 : 03 01 03 70 03 03 70 03 01 ff 03 ff 03 70 03 00 03 70 03 ff 03 70 03 ff 03 70 03 03 70 03 03 70 03 01 03 70 03 01 ff 03 70 03 03 70 03 01 03 03 70 03 03 70 03 01 03 01 03 70 03 01 ff 03 70 ff 
0x0080 : 03 70 03 03 03 70 03 03 70 03 01 00 03 00 03 03 03 70 03 03 03 70 03 01 03 03 03 70 00 00 03 00 ff 03 70 03 03 70 03 01 03 70 03 01 70 03 01 70 03 01 01 01 03 70 03 01 03 03 70 03 01 70 03 03 
0x00c0 : 70 03 70 03 01 70 03 01 03 70 03 01 01 03 03 03 70 03 01 03 70 03 01 03 70 03 03 03 70 03 01 01 03 03 70 03 01 03 70 03 03 70 03 01 03 03 03 70 03 03 03 70 03 01 70 03 ff 03 70 03 03 70 03 01 
0x0100 : 03 01 03 03 70 03 01 03 01 ff 03 03 70 03 01 03 01 03 00 03 00 03 00 03 03 70 03 01 03 03 00 03 00 03 00 03 03 70 03 01 03 70 03 03 70 03 01 03 01 03 70 03 01 03 03 70 03 01 ff 03 70 03 ff 03 
0x0140 : 70 03 03 01 03 03 70 03 03 70 03 ff 03 70 00 03 00 03 ff 03 70 00 03 00 03 03 03 70 03 01 ff 00 03 00 ff 03 70 03 ff 03 70 03 03 00 03 03 70 03 01 03 03 70 03 01 03 03 70 03 01 03 70 03 01 03 
0x0180 : 03 00 03 70 03 01 01 00 03 70 03 01 70 03 01 03 70 03 01 03 70 03 01 03 70 03 01 03 01 03 70 03 70 03 01 00 03 00 03 03 ff 03 70 03 03 70 03 00 ff 03 03 70 03 01 03 01 ff 03 70 03 03 70 03 01 
0x01c0 : ff 03 00 03 00 03 03 01 03 03 70 03 01 03 00 00 03 00 03 70 03 01 01 03 70 03 03 70 03 01 01 03 70 03 01 03 00 03 00 03 03 03 70 03 01 00 03 70 03 03 70 03 01 70 03 01 03 70 03 01 03 70 00 03 
0x0200 : 00 03 70 03 01 70 03 03 00 03 00 03 03 ff 03 70 03 03 70 03 01 03 00 03 03 70 03 01 01 03 03 70 03 01 03 70 03 00 03 00 03 00 03 03 70 03 01 03 03 70 03 01 01 03 00 03 03 70 03 01 70 03 01 03 
0x0240 : 00 03 00 03 70 03 01 03 70 03 01 03 70 03 ff 03 70 03 01 ff 03 03 70 03 01 03 01 03 70 03 03 70 03 01 03 01 03 00 03 00 03 00 03 70 03 03 00 00 03 00 03 00 03 01 00 03 70 03 01 70 00 00 00 03 
0x0280 : 00 03 01 00 03 00 03 00 03 70 03 ff 03 70 03 03 ff 03 70 00 03 00 00 03 03 70 03 01 00 03 00 03 00 03 ff 03 70 03 01 03 70 03 03 70 03 01 00 03 00 03 03 01 70 03 70 03 01 03 00 03 70 03 01 03 
0x02c0 : 70 03 ff 03 70 03 00 03 03 70 03 00 03 00 03 00 03 00 03 00 03 00 03 70 03 01 00 03 00 03 03 03 03 70 03 01 03 01 03 03 03 03 70 03 01 70 00 03 00 03 03 00 03 03 70 03 70 03 01 03 01 00 03 03 
0x0300 : 03 70 03 01 00 03 00 03 03 70 03 01 03 70 03 01 70 00 03 00 03 ff 03 70 00 00 03 00 03 03 03 70 03 00 03 00 03 03 ff 03 03 ff 03 70 03 03 00 03 01 00 03 00 03 70 03 01 01 03 00 03 03 03 00 03 
0x0340 : 00 03 01 00 03 00 00 00 03 00 03 70 03 00 03 00 03 01 00 03 03 03 03 70 03 ff 03 70 03 01 03 70 03 00 03 00 03 03 01 03 03 00 00 03 00 03 70 03 01 03 70 03 01 01 03 70 03 01 03 70 03 03 03 70 
0x0380 : 03 01 03 00 03 00 03 03 03 70 03 01 70 03 01 00 03 00 03 70 03 01 70 03 03 70 03 01 03 00 ff 00 03 00 00 03 00 03 70 03 01 03 ff 03 70 03 ff 03 70 00 03 00 03 01 03 70 03 01 03 00 00 03 00 03 
0x03c0 : 00 03 00 03 00 03 03 01 00 00 00 00 03 00 03 ff 03 03 ff 03 ff 03 70 03 03 70 03 01 03 01 ff 03 70 03 01 03 00 03 03 03 70 03 01 03 70 03 01 ff 00 03 00 03 01 03 70 03 03 70 00 03 00 03 03 70 
0x0400 : 03 70 03 01 03 00 03 03 70 03 01 00 03 00 03 70 03 01 03 70 ff 03 70 03 00 03 00 03 00 03 03 70 03 01 00 03 03 ff 03 70 03 70 00 03 00 03 00 03 03 ff 03 70 03 00 03 00 03 03 70 03 01 70 03 01 
0x0440 : 00 00 00 03 00 03 01 00 03 ff 03 70 03 01 01 70 ff 03 70 03 70 03 01 03 70 03 03 01 01 03 70 03 01 03 70 03 01 03 70 03 70 ff 03 70 03 ff 03 70 03 03 ff 03 70 03 03 70 03 00 03 00 00 03 00 03 
0x0480 : 03 70 03 01 ff 03 70 03 ff 03 70 03 70 03 01 01 70 00 03 00 03 03 03 ff 03 70 03 70 03 01 03 03 70 ff 03 70 03 ff 03 70 00 03 00 03 01 00 03 03 03 70 03 03 70 03 01 03 03 00 03 00 03 03 ff 03 
0x04c0 : 70 03 03 70 03 ff 00 03 00 03 01 03 70 03 01 03 01 03 03 03 03 03 70 03 ff 03 70 03 03 01 03 70 03 01 00 03 00 03 01 03 ff ff 00 03 00 03 ff 03 70 03 03 70 ff 03 03 70 00 03 00 03 ff 03 70 ff 
0x0500 : 03 70 00 00 03 00 03 03 70 03 03 70 03 01 03 03 70 00 03 00 03 03 01 ff 03 70 03 01 70 03 70 03 01 03 70 03 ff 03 70 03 ff 03 70 03 03 70 03 03 70 03 00 00 00 01 00 00 01 70 03 03 70 03 01 00 
0x0540 : 03 ff 03 70 ff 03 70 03 01 70 03 03 70 03 01 00 03 70 03 ff 03 70 00 03 03 70 03 01 01 70 03 01 ff 03 70 03 ff 00 03 00 03 03 03 70 03 01 03 ff 03 70 03 01 ff 03 70 03 03 70 03 01 00 03 70 03 
0x0580 : 01 03 03 70 03 01 03 03 ff ff 03 70 03 70 03 01 03 70 03 03 03 70 03 03 70 03 01 03 70 03 03 70 03 03 70 03 01 ff 03 70 03 01 70 03 01 ff 03 03 70 03 01 01 01 70 ff 03 70 03 03 70 03 01 03 70 
0x05c0 : 03 01 01 70 00 03 00 03 03 03 03 70 03 01 03 70 03 01 03 70 03 00 03 00 03 00 03 00 03 ff 03 ff 03 ff 03 03 70 03 01 03 70 03 03 70 03 01 00 03 00 03 03 70 03 03 03 70 03 01 03 70 ff 03 70 03 
0x0600 : 01 70 00 03 03 70 03 01 01 03 ff 03 70 ff 03 70 03 03 70 ff 03 70 03 01 70 03 03 70 03 03 70 03 00 03 00 03 ff 03 70 03 01 70 03 01 03 70 03 03 70 03 01 01 ff 03 70 03 03 01 03 70 03 03 70 03 
0x0640 : 01 03 70 03 03 ff 03 70 03 03 01 ff 03 70 03 03 01 70 03 03 70 03 01 03 ff 03 70 03 03 01 03 01 ff 03 70 03 ff 03 70 03 70 03 03 70 03 03 70 03 01 03 70 03 03 70 03 03 70 03 01 70 03 03 70 03 
0x0680 : 03 70 03 01 01 03 70 03 01 03 70 03 01 70 03 01 03 03 00 03 70 03 01 70 03 ff 03 70 03 03 70 03 03 03 00 03 00 03 03 03 03 70 03 01 03 70 03 ff 03 70 03 70 03 03 70 03 70 03 ff 03 70 03 03 ff 
0x06c0 : 03 70 03 03 70 03 03 ff 03 00 00 00 01 01 03 03 70 03 70 03 01 ff 03 03 70 03 01 03 70 03 01 00 03 70 03 01 01 03 70 03 01 01 ff 03 70 03 03 70 00 03 00 03 03 00 03 00 03 ff 03 70 03 ff 03 70 
0x0700 : ff 03 70 03 ff 03 70 03 70 03 03 03 70 03 01 03 03 70 ff 03 70 03 ff 03 70 03 03 03 01 01 00 03 00 03 03 ff 03 70 03 ff 03 70 00 03 00 03 01 01 70 03 01 70 03 03 ff 03 70 03 03 70 03 01 03 00 
0x0740 : 03 00 ff 03 70 03 70 03 70 03 01 01 70 03 70 03 01 03 ff 03 03 70 03 03 70 03 01 03 70 03 01 03 01 03 00 03 70 03 01 03 70 03 01 70 03 03 70 03 70 03 01 01 03 70 03 01 03 70 03 01 03 70 03 03 
0x0780 : 70 03 ff 03 70 03 ff ff 03 70 ff 03 70 03 01 03 70 ff 03 70 03 03 70 03 01 03 01 03 03 70 03 01 00 03 00 03 03 ff 03 70 03 03 70 03 01 01 01 03 70 ff 03 70 ff 03 70 03 03 03 03 70 03 01 ff 03 
0x07c0 : 00 03 00 03 70 03 ff 03 70 03 03 70 03 ff 03 70 03 03 ff 03 03 70 03 01 ff 03 00 03 70 03 01 01 03 03 70 03 01 ff 03 70 03 01 ff 03 70 03 03 70 03 01 03 70 03 01 03 70 03 ff 03 70 03 70 03 01 
0x0800 : 01 70 03 03 70 03 01 03 70 03 03 70 03 01 ff ff 03 70 03 03 70 03 01 03 70 00 03 00 03 01 00 03 00 03 03 70 03 01 ff 03 70 03 03 70 03 01 00 03 03 70 03 01 70 03 01 70 03 03 70 03 01 03 01 03 
0x0840 : 03 70 03 01 70 03 03 01 00 03 00 03 70 03 70 03 01 03 03 03 70 03 03 70 03 01 03 03 70 03 01 03 70 03 03 70 03 ff 03 70 03 01 03 70 03 01 00 03 00 03 03 03 70 03 01 ff 03 70 03 03 70 03 01 03 
0x0880 : 03 70 03 01 03 00 03 01 01 03 03 70 03 01 03 00 ff 03 70 03 03 70 03 ff ff 03 70 03 03 70 03 01 70 03 01 ff 03 70 03 03 70 03 01 ff 03 70 03 03 01 03 70 03 01 ff 03 03 00 03 00 03 01 03 70 03 
0x08c0 : ff 03 70 03 01 03 01 03 03 70 03 ff 03 70 03 70 03 70 03 01 ff 03 ff ff 03 70 03 01 03 01 03 70 03 03 70 ff 03 ff 03 70 03 ff 03 70 ff 03 70 03 03 ff 03 70 03 03 70 03 01 70 03 01 ff ff 03 70 
0x0900 : 03 03 70 03 01 ff ff 03 70 ff 03 70 03 03 70 03 01 70 00 03 00 03 ff 03 70 03 03 ff 03 70 03 03 03 03 70 03 01 03 ff 03 70 03 ff 03 70 03 ff 03 70 03 01 03 70 03 01 ff 03 70 03 03 01 03 03 70 
0x0940 : 03 01 03 ff ff 03 ff 03 70 ff 03 70 03 ff 03 70 00 03 00 03 70 03 03 70 03 01 01 03 70 03 01 70 03 ff 03 70 03 ff 03 00 03 00 00 03 00 03 03 70 ff 03 70 03 03 70 03 00 03 00 03 ff 03 70 ff 03 
0x0980 : 00 03 00 03 03 ff 03 70 03 03 70 03 01 03 70 03 01 00 03 00 03 03 01 03 70 03 01 03 70 03 01 01 03 70 03 ff 03 70 03 03 01 70 03 03 70 00 03 00 03 03 03 70 03 70 03 01 ff 00 03 00 03 70 ff 03 
0x09c0 : 70 03 03 70 03 01 03 01 70 03 01 03 ff 03 70 03 01 03 01 01 03 01 01 70 03 70 03 01 70 03 03 70 03 70 03 01 ff ff 03 70 00 03 00 03 01 01 01 00 ff 03 70 03 01 70 03 01 03 70 ff 03 70 03 03 70 
0x0a00 : ff 03 70 03 03 01 03 70 03 ff 03 70 00 03 00 03 ff 03 70 03 00 03 00 03 03 70 03 ff 03 70 03 03 70 03 01 70 03 70 03 01 03 70 03 01 03 ff 03 70 03 03 ff ff 03 70 03 01 03 03 70 03 01 01 03 70 
0x0a40 : 03 01 03 03 70 03 01 03 03 70 03 01 03 70 03 70 03 01 03 70 03 01 ff 03 03 70 03 03 70 03 01 01 03 70 00 03 70 03 01 03 03 70 03 01 70 ff 03 70 03 01 00 03 00 03 03 70 03 01 03 03 70 03 70 03 
0x0a80 : 01 03 70 03 01 00 00 03 03 70 03 01 03 ff 03 70 03 70 03 01 03 70 03 ff 03 70 03 70 ff 03 70 03 03 70 03 ff 03 70 03 01 70 03 03 70 03 01 ff 03 00 03 00 03 03 03 70 03 ff 03 70 03 70 03 ff 03 
0x0ac0 : 70 03 03 03 70 03 01 01 70 03 03 03 70 03 01 00 03 00 03 70 03 ff 03 70 03 01 03 03 70 03 01 ff 03 03 70 03 01 03 01 01 03 ff 03 70 03 03 70 03 70 03 03 70 03 01 ff 03 70 03 03 01 03 00 03 70 
0x0b00 : 03 03 ff 03 70 03 03 03 01 03 70 03 ff 03 70 03 ff 03 70 03 01 ff 03 70 03 01 01 70 03 01 03 03 70 03 01 03 01 03 70 ff 03 70 03 70 03 03 01 ff 03 70 03 ff 03 70 03 ff 03 70 ff 03 70 03 03 ff 
0x0b40 : 03 03 70 03 01 70 03 70 03 01 70 03 70 03 01 03 70 03 70 03 01 01 03 70 03 01 70 03 03 70 03 01 01 03 70 03 01 03 70 03 01 03 01 03 70 03 03 70 03 01 03 03 03 ff 03 70 03 01 ff 03 70 03 03 70 
0x0b80 : 03 70 03 01 03 01 01 70 03 03 70 03 ff 03 70 03 70 03 03 70 03 03 70 03 01 01 70 03 01 ff 03 70 03 03 70 03 01 03 01 03 ff 03 70 03 70 03 03 70 03 ff 03 ff 03 70 03 03 03 70 03 01 00 03 03 03 
0x0bc0 : 70 03 01 03 01 03 03 70 03 01 03 01 01 03 70 03 01 ff 03 70 03 ff 03 70 03 ff 03 70 03 03 70 ff 03 70 03 03 70 03 01 03 03 70 03 ff 03 70 00 03 ff 03 70 03 03 70 03 01 ff 03 70 03 03 03 01 ff 
0x0c00 : 03 ff 03 70 03 03 01 03 70 03 03 03 70 03 01 03 03 70 03 01 03 70 03 ff 03 70 03 03 70 03 00 ff 03 70 03 03 03 70 03 01 01 70 03 ff 03 70 03 70 03 01 01 ff 03 70 03 03 03 00 03 ff 03 70 03 ff 
0x0c40 : 03 70 03 03 70 03 01 01 ff 03 70 03 03 70 ff 03 70 03 ff 03 70 03 03 01 ff 03 70 03 ff 03 70 ff 03 70 03 03 03 70 03 01 03 70 03 01 03 01 ff 03 70 03 03 00 03 03 03 01 ff 03 70 03 01 ff 03 70 
0x0c80 : 03 03 03 70 03 01 03 03 70 03 01 03 01 03 70 03 03 01 03 70 03 03 70 03 01 01 01 70 03 03 00 03 00 03 70 03 01 03 70 03 03 70 03 01 03 70 03 03 70 03 01 03 03 70 ff 03 70 03 03 01 03 03 70 03 
0x0cc0 : 70 03 03 70 03 01 03 70 03 01 03 70 03 03 70 03 01 03 70 03 03 70 03 01 00 03 ff 03 70 03 01 03 70 03 03 70 03 01 03 ff 03 70 03 03 70 03 01 70 03 01 01 03 70 03 03 70 03 03 70 03 03 70 03 01 
0x0d00 : 70 03 ff 03 70 03 03 70 03 01 03 70 03 01 03 70 03 01 03 03 70 03 01 03 70 03 03 70 03 01 03 01 03 70 03 03 70 03 01 03 70 03 01 70 03 03 ff 03 70 03 01 ff 03 70 03 03 70 03 01 70 03 01 70 03 
0x0d40 : 01 03 03 70 03 01 03 01 03 03 03 70 03 01 03 03 70 03 01 01 03 03 70 03 03 00 03 ff 03 70 03 01 03 03 70 03 70 03 01 03 70 03 01 03 70 03 01 03 70 03 01 01 03 03 03 70 ff 03 70 03 00 ff 03 70 
0x0d80 : 03 03 70 03 01 70 03 01 01 03 00 03 03 00 03 70 03 01 03 ff 03 ff 03 70 03 03 03 70 03 01 70 03 01 03 70 03 03 70 03 01 03 01 ff 03 70 03 01 00 03 70 03 01 03 70 03 03 70 03 70 03 03 70 03 01 
0x0dc0 : 70 03 03 70 03 01 03 70 03 01 70 03 ff 03 70 03 01 03 70 03 ff 03 70 03 03 00 03 00 03 01 ff 03 70 03 ff 03 70 03 70 03 ff 03 ff 03 70 03 ff 03 70 03 03 70 03 01 ff 03 70 03 03 03 70 03 ff 03 
0x0e00 : 70 03 03 70 03 01 01 03 70 03 03 70 03 ff 03 70 03 03 70 03 01 01 00 03 01 00 ff 03 03 70 03 01 03 70 03 ff 03 70 03 03 01 03 ff 03 70 03 70 03 01 03 ff ff 03 ff 03 70 03 03 03 70 03 01 03 70 
0x0e40 : 03 03 70 03 01 ff 03 70 03 03 70 03 70 ff 03 03 70 03 01 03 70 ff 03 70 03 03 70 03 ff 03 70 03 70 03 01 ff 03 70 ff 03 70 03 70 03 01 03 ff 03 70 03 03 01 ff 03 70 03 03 70 03 01 01 ff 03 70 
0x0e80 : 03 03 70 03 01 ff 03 70 ff 03 70 03 03 03 70 03 01 03 70 03 01 03 70 ff 03 70 03 03 70 03 03 70 03 01 03 01 03 03 70 03 01 01 70 03 70 03 01 70 03 01 03 70 03 01 01 03 70 03 70 03 01 01 03 70 
0x0ec0 : 03 01 70 03 03 70 03 01 00 03 00 03 03 70 03 01 ff 03 03 70 03 70 03 01 03 70 03 01 03 70 03 01 01 03 00 03 00 03 00 03 70 03 ff 03 70 03 ff 03 70 03 03 ff ff 03 70 03 01 ff 03 70 03 01 03 03 
0x0f00 : 70 03 03 70 03 03 70 03 01 01 03 70 03 01 03 03 70 03 70 03 01 01 03 01 03 ff 03 70 03 01 03 70 03 01 03 70 03 03 70 03 01 01 70 03 03 70 ff 03 70 03 01 03 70 03 03 70 03 01 03 70 03 01 03 70 
0x0f40 : 03 01 70 03 01 00 00 ff 03 70 03 ff 03 70 ff 03 70 03 01 03 70 03 01 00 03 00 03 03 70 03 03 03 70 03 01 03 00 00 00 03 03 70 ff 03 70 03 03 70 03 01 70 00 03 03 70 03 03 70 03 01 03 70 03 01 
0x0f80 : ff 03 70 03 01 03 70 03 70 03 01 00 03 03 70 03 ff 03 70 03 00 03 03 70 03 01 ff 03 70 03 03 70 03 03 70 03 01 03 70 03 01 03 01 03 70 03 01 03 70 03 ff 03 70 03 ff 03 70 03 03 01 03 70 03 01 
0x0fc0 : 03 70 03 01 01 03 03 70 03 01 03 01 03 70 03 01 03 70 03 03 ff 03 70 ff 03 70 03 03 03 ff 03 70 03 70 03 01 ff 03 70 03 01 03 70 03 01 01 ff 03 70 03 03 70 03 01 00 03 00 03 00 03 70 00 03 00 
